sample1	sample2	chr	start	end	different	Nsnp
PH0047-Cx	PF0008-C	1	92914	513960	1	3297
PH0047-Cx	PF0008-C	1	514549	516077	0	57
PH0047-Cx	PF0008-C	1	516118	530378	1	200
PH0047-Cx	PF0008-C	1	530405	531130	0	39
PH0047-Cx	PF0008-C	1	531416	532767	1	58
PH0047-Cx	PF0008-C	1	532799	534495	0	33
PH0047-Cx	PF0008-C	1	534741	535652	1	20
PH0047-Cx	PF0008-C	1	535827	546806	0	97
PH0047-Cx	PF0008-C	1	547787	575873	1	480
PH0047-Cx	PF0008-C	2	106099	862490	1	6316
PH0047-Cx	PF0008-C	3	70833	139903	1	728
PH0047-Cx	PF0008-C	3	140159	142239	0	65
PH0047-Cx	PF0008-C	3	142507	1003043	1	6775
PH0047-Cx	PF0011-C	1	92914	575873	1	4273
PH0047-Cx	PF0011-C	2	106099	847713	1	5967
PH0047-Cx	PF0011-C	2	847927	850418	0	67
PH0047-Cx	PF0011-C	2	850734	862490	1	284
PH0047-Cx	PF0011-C	3	70833	1003043	1	7566
PH0047-Cx	PF0020-C	1	92914	514966	1	3308
PH0047-Cx	PF0020-C	1	515036	516077	0	46
PH0047-Cx	PF0020-C	1	516118	531982	1	261
PH0047-Cx	PF0020-C	1	532054	533174	0	51
PH0047-Cx	PF0020-C	1	533956	575873	1	611
PH0047-Cx	PF0020-C	2	106099	858493	1	6163
PH0047-Cx	PF0020-C	2	858567	859721	0	39
PH0047-Cx	PF0020-C	2	859885	862490	1	116
PH0047-Cx	PF0020-C	3	70833	1003043	1	7566
PH0047-Cx	PF0022-C	1	92914	575873	1	4273
PH0047-Cx	PF0022-C	2	106099	848371	1	5985
PH0047-Cx	PF0022-C	2	848452	850418	0	49
PH0047-Cx	PF0022-C	2	850734	858493	1	131
PH0047-Cx	PF0022-C	2	858567	859599	0	36
PH0047-Cx	PF0022-C	2	859686	862490	1	119
PH0047-Cx	PF0022-C	3	70833	128649	1	664
PH0047-Cx	PF0022-C	3	135709	142239	0	129
PH0047-Cx	PF0022-C	3	142507	1003043	1	6775
PH0047-Cx	PF0025-C	1	92914	575873	1	4273
PH0047-Cx	PF0025-C	2	106099	862490	1	6316
PH0047-Cx	PF0025-C	3	70833	1003043	1	7566
PH0047-Cx	PF0028-C	1	92914	575873	1	4273
PH0047-Cx	PF0028-C	2	106099	862490	1	6316
PH0047-Cx	PF0028-C	3	70833	1003043	1	7566
PH0047-Cx	PF0031-C	1	92914	531563	1	3599
PH0047-Cx	PF0031-C	1	531652	533174	0	65
PH0047-Cx	PF0031-C	1	533956	535652	1	36
PH0047-Cx	PF0031-C	1	535827	544240	0	82
PH0047-Cx	PF0031-C	1	545567	575873	1	495
PH0047-Cx	PF0031-C	2	106099	862490	1	6316
PH0047-Cx	PF0031-C	3	70833	1003043	1	7566
PH0047-Cx	PF0032-C	1	92914	575873	1	4273
PH0047-Cx	PF0032-C	2	106099	862490	1	6316
PH0047-Cx	PF0032-C	3	70833	1003043	1	7566
PH0047-Cx	PF0035-C	1	92914	575873	1	4273
PH0047-Cx	PF0035-C	2	106099	862490	1	6316
PH0047-Cx	PF0035-C	3	70833	1003043	1	7566
PH0047-Cx	PF0037-C	1	92914	575873	1	4273
PH0047-Cx	PF0037-C	2	106099	862490	1	6316
PH0047-Cx	PF0037-C	3	70833	1003043	1	7566
PH0051-Cx	PF0008-C	1	92914	575873	1	4273
PH0051-Cx	PF0008-C	2	106099	862490	1	6316
PH0051-Cx	PF0008-C	3	70833	1003043	1	7566
PH0051-Cx	PF0011-C	1	92914	575873	1	4273
PH0051-Cx	PF0011-C	2	106099	862490	1	6316
PH0051-Cx	PF0011-C	3	70833	1003043	1	7566
PH0051-Cx	PF0020-C	1	92914	575873	1	4273
PH0051-Cx	PF0020-C	2	106099	862490	1	6316
PH0051-Cx	PF0020-C	3	70833	1003043	1	7566
PH0051-Cx	PF0022-C	1	92914	575873	1	4273
PH0051-Cx	PF0022-C	2	106099	862490	1	6316
PH0051-Cx	PF0022-C	3	70833	1003043	1	7566
PH0051-Cx	PF0025-C	1	92914	575873	1	4273
PH0051-Cx	PF0025-C	2	106099	862490	1	6316
PH0051-Cx	PF0025-C	3	70833	1003043	1	7566
PH0051-Cx	PF0028-C	1	92914	575873	1	4273
PH0051-Cx	PF0028-C	2	106099	862490	1	6316
PH0051-Cx	PF0028-C	3	70833	1003043	1	7566
PH0051-Cx	PF0031-C	1	92914	575873	1	4273
PH0051-Cx	PF0031-C	2	106099	862490	1	6316
PH0051-Cx	PF0031-C	3	70833	1003043	1	7566
PH0051-Cx	PF0032-C	1	92914	575873	1	4273
PH0051-Cx	PF0032-C	2	106099	862490	1	6316
PH0051-Cx	PF0032-C	3	70833	1003043	1	7566
PH0051-Cx	PF0035-C	1	92914	575873	1	4273
PH0051-Cx	PF0035-C	2	106099	862490	1	6316
PH0051-Cx	PF0035-C	3	70833	1003043	1	7566
PH0051-Cx	PF0037-C	1	92914	575873	1	4273
PH0051-Cx	PF0037-C	2	106099	862490	1	6316
PH0051-Cx	PF0037-C	3	70833	1003043	1	7566
PH0055-C	PF0008-C	1	92914	575873	1	4273
PH0055-C	PF0008-C	2	106099	862490	1	6316
PH0055-C	PF0008-C	3	70833	1003043	1	7566
PH0055-C	PF0011-C	1	92914	575873	1	4273
PH0055-C	PF0011-C	2	106099	862490	1	6316
PH0055-C	PF0011-C	3	70833	1003043	1	7566
PH0055-C	PF0020-C	1	92914	575873	1	4273
PH0055-C	PF0020-C	2	106099	862490	1	6316
PH0055-C	PF0020-C	3	70833	1003043	1	7566
PH0055-C	PF0022-C	1	92914	575873	1	4273
PH0055-C	PF0022-C	2	106099	862490	1	6316
PH0055-C	PF0022-C	3	70833	1003043	1	7566
PH0055-C	PF0025-C	1	92914	575873	1	4273
PH0055-C	PF0025-C	2	106099	862490	1	6316
PH0055-C	PF0025-C	3	70833	1003043	1	7566
PH0055-C	PF0028-C	1	92914	575873	1	4273
PH0055-C	PF0028-C	2	106099	862490	1	6316
PH0055-C	PF0028-C	3	70833	1003043	1	7566
PH0055-C	PF0031-C	1	92914	575873	1	4273
PH0055-C	PF0031-C	2	106099	862490	1	6316
PH0055-C	PF0031-C	3	70833	1003043	1	7566
PH0055-C	PF0032-C	1	92914	575873	1	4273
PH0055-C	PF0032-C	2	106099	862490	1	6316
PH0055-C	PF0032-C	3	70833	1003043	1	7566
PH0055-C	PF0035-C	1	92914	575873	1	4273
PH0055-C	PF0035-C	2	106099	862490	1	6316
PH0055-C	PF0035-C	3	70833	1003043	1	7566
PH0055-C	PF0037-C	1	92914	575873	1	4273
PH0055-C	PF0037-C	2	106099	862490	1	6316
PH0055-C	PF0037-C	3	70833	1003043	1	7566
PH0057-C	PF0008-C	1	92914	575873	1	4273
PH0057-C	PF0008-C	2	106099	862490	1	6316
PH0057-C	PF0008-C	3	70833	1003043	1	7566
PH0057-C	PF0011-C	1	92914	575873	1	4273
PH0057-C	PF0011-C	2	106099	862490	1	6316
PH0057-C	PF0011-C	3	70833	1003043	1	7566
PH0057-C	PF0020-C	1	92914	575873	1	4273
PH0057-C	PF0020-C	2	106099	862490	1	6316
PH0057-C	PF0020-C	3	70833	1003043	1	7566
PH0057-C	PF0022-C	1	92914	575873	1	4273
PH0057-C	PF0022-C	2	106099	862490	1	6316
PH0057-C	PF0022-C	3	70833	1003043	1	7566
PH0057-C	PF0025-C	1	92914	575873	1	4273
PH0057-C	PF0025-C	2	106099	862490	1	6316
PH0057-C	PF0025-C	3	70833	1003043	1	7566
PH0057-C	PF0028-C	1	92914	530064	1	3542
PH0057-C	PF0028-C	1	530243	530870	0	48
PH0057-C	PF0028-C	1	531130	575873	1	685
PH0057-C	PF0028-C	2	106099	840376	1	5804
PH0057-C	PF0028-C	2	840472	842893	0	59
PH0057-C	PF0028-C	2	843015	848371	1	124
PH0057-C	PF0028-C	2	848452	850418	0	49
PH0057-C	PF0028-C	2	850734	862490	1	284
PH0057-C	PF0028-C	3	70833	1003043	1	7566
PH0057-C	PF0031-C	1	92914	575873	1	4273
PH0057-C	PF0031-C	2	106099	846075	1	5933
PH0057-C	PF0031-C	2	846247	847713	0	35
PH0057-C	PF0031-C	2	847927	848371	1	19
PH0057-C	PF0031-C	2	848452	850418	0	49
PH0057-C	PF0031-C	2	850734	862490	1	284
PH0057-C	PF0031-C	3	70833	1003043	1	7566
PH0057-C	PF0032-C	1	92914	575873	1	4273
PH0057-C	PF0032-C	2	106099	862490	1	6316
PH0057-C	PF0032-C	3	70833	1003043	1	7566
PH0057-C	PF0035-C	1	92914	575873	1	4273
PH0057-C	PF0035-C	2	106099	862490	1	6316
PH0057-C	PF0035-C	3	70833	1003043	1	7566
PH0057-C	PF0037-C	1	92914	575873	1	4273
PH0057-C	PF0037-C	2	106099	848371	1	5985
PH0057-C	PF0037-C	2	848452	850418	0	49
PH0057-C	PF0037-C	2	850734	862490	1	284
PH0057-C	PF0037-C	3	70833	1003043	1	7566
PH0059-C	PF0008-C	1	92914	575873	1	4273
PH0059-C	PF0008-C	2	106099	862490	1	6316
PH0059-C	PF0008-C	3	70833	1003043	1	7566
PH0059-C	PF0011-C	1	92914	575873	1	4273
PH0059-C	PF0011-C	2	106099	862490	1	6316
PH0059-C	PF0011-C	3	70833	1003043	1	7566
PH0059-C	PF0020-C	1	92914	575873	1	4273
PH0059-C	PF0020-C	2	106099	862490	1	6316
PH0059-C	PF0020-C	3	70833	1003043	1	7566
PH0059-C	PF0022-C	1	92914	575873	1	4273
PH0059-C	PF0022-C	2	106099	847460	1	5965
PH0059-C	PF0022-C	2	847555	851287	0	80
PH0059-C	PF0022-C	2	851474	862490	1	273
PH0059-C	PF0022-C	3	70833	1003043	1	7566
PH0059-C	PF0025-C	1	92914	575873	1	4273
PH0059-C	PF0025-C	2	106099	862490	1	6316
PH0059-C	PF0025-C	3	70833	1003043	1	7566
PH0059-C	PF0028-C	1	92914	575873	1	4273
PH0059-C	PF0028-C	2	106099	862490	1	6316
PH0059-C	PF0028-C	3	70833	1003043	1	7566
PH0059-C	PF0031-C	1	92914	575873	1	4273
PH0059-C	PF0031-C	2	106099	862490	1	6316
PH0059-C	PF0031-C	3	70833	1003043	1	7566
PH0059-C	PF0032-C	1	92914	575873	1	4273
PH0059-C	PF0032-C	2	106099	862490	1	6316
PH0059-C	PF0032-C	3	70833	1003043	1	7566
PH0059-C	PF0035-C	1	92914	575873	1	4273
PH0059-C	PF0035-C	2	106099	862490	1	6316
PH0059-C	PF0035-C	3	70833	1003043	1	7566
PH0059-C	PF0037-C	1	92914	575873	1	4273
PH0059-C	PF0037-C	2	106099	862490	1	6316
PH0059-C	PF0037-C	3	70833	1003043	1	7566
PH0060-C	PF0008-C	1	92914	575873	1	4273
PH0060-C	PF0008-C	2	106099	862490	1	6316
PH0060-C	PF0008-C	3	70833	1003043	1	7566
PH0060-C	PF0011-C	1	92914	575873	1	4273
PH0060-C	PF0011-C	2	106099	862490	1	6316
PH0060-C	PF0011-C	3	70833	1003043	1	7566
PH0060-C	PF0020-C	1	92914	530064	1	3542
PH0060-C	PF0020-C	1	530243	530870	0	48
PH0060-C	PF0020-C	1	531130	575873	1	685
PH0060-C	PF0020-C	2	106099	847713	1	5967
PH0060-C	PF0020-C	2	847927	849780	0	52
PH0060-C	PF0020-C	2	849820	862490	1	299
PH0060-C	PF0020-C	3	70833	1003043	1	7566
PH0060-C	PF0022-C	1	92914	575873	1	4273
PH0060-C	PF0022-C	2	106099	848150	1	5976
PH0060-C	PF0022-C	2	848182	850418	0	58
PH0060-C	PF0022-C	2	850734	862490	1	284
PH0060-C	PF0022-C	3	70833	1003043	1	7566
PH0060-C	PF0025-C	1	92914	575873	1	4273
PH0060-C	PF0025-C	2	106099	862490	1	6316
PH0060-C	PF0025-C	3	70833	1003043	1	7566
PH0060-C	PF0028-C	1	92914	575873	1	4273
PH0060-C	PF0028-C	2	106099	862490	1	6316
PH0060-C	PF0028-C	3	70833	1003043	1	7566
PH0060-C	PF0031-C	1	92914	575873	1	4273
PH0060-C	PF0031-C	2	106099	862490	1	6316
PH0060-C	PF0031-C	3	70833	1003043	1	7566
PH0060-C	PF0032-C	1	92914	575873	1	4273
PH0060-C	PF0032-C	2	106099	862490	1	6316
PH0060-C	PF0032-C	3	70833	1003043	1	7566
PH0060-C	PF0035-C	1	92914	575873	1	4273
PH0060-C	PF0035-C	2	106099	862490	1	6316
PH0060-C	PF0035-C	3	70833	1003043	1	7566
PH0060-C	PF0037-C	1	92914	575873	1	4273
PH0060-C	PF0037-C	2	106099	862490	1	6316
PH0060-C	PF0037-C	3	70833	1003043	1	7566
PH0064-C	PF0008-C	1	92914	575873	1	4273
PH0064-C	PF0008-C	2	106099	862490	1	6316
PH0064-C	PF0008-C	3	70833	1003043	1	7566
PH0064-C	PF0011-C	1	92914	575873	1	4273
PH0064-C	PF0011-C	2	106099	862490	1	6316
PH0064-C	PF0011-C	3	70833	1003043	1	7566
PH0064-C	PF0020-C	1	92914	575873	1	4273
PH0064-C	PF0020-C	2	106099	862490	1	6316
PH0064-C	PF0020-C	3	70833	1003043	1	7566
PH0064-C	PF0022-C	1	92914	575873	1	4273
PH0064-C	PF0022-C	2	106099	862490	1	6316
PH0064-C	PF0022-C	3	70833	1003043	1	7566
PH0064-C	PF0025-C	1	92914	575873	1	4273
PH0064-C	PF0025-C	2	106099	862490	1	6316
PH0064-C	PF0025-C	3	70833	1003043	1	7566
PH0064-C	PF0028-C	1	92914	575873	1	4273
PH0064-C	PF0028-C	2	106099	862490	1	6316
PH0064-C	PF0028-C	3	70833	1003043	1	7566
PH0064-C	PF0031-C	1	92914	531563	1	3599
PH0064-C	PF0031-C	1	531652	532799	0	50
PH0064-C	PF0031-C	1	532870	575873	1	626
PH0064-C	PF0031-C	2	106099	862490	1	6316
PH0064-C	PF0031-C	3	70833	1003043	1	7566
PH0064-C	PF0032-C	1	92914	575873	1	4273
PH0064-C	PF0032-C	2	106099	862490	1	6316
PH0064-C	PF0032-C	3	70833	1003043	1	7566
PH0064-C	PF0035-C	1	92914	575873	1	4273
PH0064-C	PF0035-C	2	106099	862490	1	6316
PH0064-C	PF0035-C	3	70833	1003043	1	7566
PH0064-C	PF0037-C	1	92914	575873	1	4273
PH0064-C	PF0037-C	2	106099	862490	1	6316
PH0064-C	PF0037-C	3	70833	1003043	1	7566
PH0163-C	PF0008-C	1	92914	575873	1	4273
PH0163-C	PF0008-C	2	106099	862490	1	6316
PH0163-C	PF0008-C	3	70833	1003043	1	7566
PH0163-C	PF0011-C	1	92914	575873	1	4273
PH0163-C	PF0011-C	2	106099	848047	1	5970
PH0163-C	PF0011-C	2	848060	853263	0	102
PH0163-C	PF0011-C	2	853516	862490	1	246
PH0163-C	PF0011-C	3	70833	1003043	1	7566
PH0163-C	PF0020-C	1	92914	575873	1	4273
PH0163-C	PF0020-C	2	106099	862490	1	6316
PH0163-C	PF0020-C	3	70833	1003043	1	7566
PH0163-C	PF0022-C	1	92914	575873	1	4273
PH0163-C	PF0022-C	2	106099	862490	1	6316
PH0163-C	PF0022-C	3	70833	1003043	1	7566
PH0163-C	PF0025-C	1	92914	575873	1	4273
PH0163-C	PF0025-C	2	106099	862490	1	6316
PH0163-C	PF0025-C	3	70833	1003043	1	7566
PH0163-C	PF0028-C	1	92914	575873	1	4273
PH0163-C	PF0028-C	2	106099	862490	1	6316
PH0163-C	PF0028-C	3	70833	1003043	1	7566
PH0163-C	PF0031-C	1	92914	575873	1	4273
PH0163-C	PF0031-C	2	106099	862490	1	6316
PH0163-C	PF0031-C	3	70833	1003043	1	7566
PH0163-C	PF0032-C	1	92914	575873	1	4273
PH0163-C	PF0032-C	2	106099	862490	1	6316
PH0163-C	PF0032-C	3	70833	1003043	1	7566
PH0163-C	PF0035-C	1	92914	575873	1	4273
PH0163-C	PF0035-C	2	106099	862490	1	6316
PH0163-C	PF0035-C	3	70833	1003043	1	7566
PH0163-C	PF0037-C	1	92914	575873	1	4273
PH0163-C	PF0037-C	2	106099	862490	1	6316
PH0163-C	PF0037-C	3	70833	1003043	1	7566
PH0167-C	PF0008-C	1	92914	575873	1	4273
PH0167-C	PF0008-C	2	106099	862490	1	6316
PH0167-C	PF0008-C	3	70833	1003043	1	7566
PH0167-C	PF0011-C	1	92914	575873	1	4273
PH0167-C	PF0011-C	2	106099	848047	1	5970
PH0167-C	PF0011-C	2	848060	853263	0	102
PH0167-C	PF0011-C	2	853516	862490	1	246
PH0167-C	PF0011-C	3	70833	1003043	1	7566
PH0167-C	PF0020-C	1	92914	575873	1	4273
PH0167-C	PF0020-C	2	106099	862490	1	6316
PH0167-C	PF0020-C	3	70833	1003043	1	7566
PH0167-C	PF0022-C	1	92914	575873	1	4273
PH0167-C	PF0022-C	2	106099	862490	1	6316
PH0167-C	PF0022-C	3	70833	1003043	1	7566
PH0167-C	PF0025-C	1	92914	575873	1	4273
PH0167-C	PF0025-C	2	106099	862490	1	6316
PH0167-C	PF0025-C	3	70833	1003043	1	7566
PH0167-C	PF0028-C	1	92914	575873	1	4273
PH0167-C	PF0028-C	2	106099	862490	1	6316
PH0167-C	PF0028-C	3	70833	1003043	1	7566
PH0167-C	PF0031-C	1	92914	575873	1	4273
PH0167-C	PF0031-C	2	106099	862490	1	6316
PH0167-C	PF0031-C	3	70833	1003043	1	7566
PH0167-C	PF0032-C	1	92914	575873	1	4273
PH0167-C	PF0032-C	2	106099	862490	1	6316
PH0167-C	PF0032-C	3	70833	1003043	1	7566
PH0167-C	PF0035-C	1	92914	575873	1	4273
PH0167-C	PF0035-C	2	106099	862490	1	6316
PH0167-C	PF0035-C	3	70833	1003043	1	7566
PH0167-C	PF0037-C	1	92914	575873	1	4273
PH0167-C	PF0037-C	2	106099	862490	1	6316
PH0167-C	PF0037-C	3	70833	1003043	1	7566
PH0171-C	PF0008-C	1	92914	575873	1	4273
PH0171-C	PF0008-C	2	106099	862490	1	6316
PH0171-C	PF0008-C	3	70833	1003043	1	7566
PH0171-C	PF0011-C	1	92914	575873	1	4273
PH0171-C	PF0011-C	2	106099	862490	1	6316
PH0171-C	PF0011-C	3	70833	1003043	1	7566
PH0171-C	PF0020-C	1	92914	575873	1	4273
PH0171-C	PF0020-C	2	106099	862490	1	6316
PH0171-C	PF0020-C	3	70833	1003043	1	7566
PH0171-C	PF0022-C	1	92914	575873	1	4273
PH0171-C	PF0022-C	2	106099	838983	1	5779
PH0171-C	PF0022-C	2	839142	841722	0	52
PH0171-C	PF0022-C	2	841795	848084	1	143
PH0171-C	PF0022-C	2	848108	851756	0	79
PH0171-C	PF0022-C	2	851891	862490	1	267
PH0171-C	PF0022-C	3	70833	1003043	1	7566
PH0171-C	PF0025-C	1	92914	575873	1	4273
PH0171-C	PF0025-C	2	106099	862490	1	6316
PH0171-C	PF0025-C	3	70833	1003043	1	7566
PH0171-C	PF0028-C	1	92914	575873	1	4273
PH0171-C	PF0028-C	2	106099	862490	1	6316
PH0171-C	PF0028-C	3	70833	1003043	1	7566
PH0171-C	PF0031-C	1	92914	575873	1	4273
PH0171-C	PF0031-C	2	106099	862490	1	6316
PH0171-C	PF0031-C	3	70833	1003043	1	7566
PH0171-C	PF0032-C	1	92914	575873	1	4273
PH0171-C	PF0032-C	2	106099	862490	1	6316
PH0171-C	PF0032-C	3	70833	1003043	1	7566
PH0171-C	PF0035-C	1	92914	575873	1	4273
PH0171-C	PF0035-C	2	106099	862490	1	6316
PH0171-C	PF0035-C	3	70833	1003043	1	7566
PH0171-C	PF0037-C	1	92914	575873	1	4273
PH0171-C	PF0037-C	2	106099	862490	1	6316
PH0171-C	PF0037-C	3	70833	1003043	1	7566
